initialPose:
  pose:
    x: 54491.48828125
    y: 52935.20703125
    z: 0.0
  orientation:
    x: 0.0
    y: 0.0
    z: -0.3251904780142009
    w: 0.94564853566687

